2	2010021601A	44025	2
4	2010021606A	10001	4
5	2010021602A	4650	5
8	2010021604A	31676	8
9	2010021605A	7217	9
10	2010021608A	2441	10
11	2010021610A	7132	11
12	2010021611A	7958	12
13	2010021612A	5122	13
14	2010021613A	32047	14
15	2010021616A	10916	15
16	2010021618A	4195	16
17	2010021623A	30556	17
18	2010021624A	4859	18
19	2010021626A	30940	19
20	2010021627A	4685	20
21	2010021628A	10536	21
22	2010021632A	1366	22
23	2010060155	4200	23
24	2010021106WM	5453	24
25	2010060127	1734	25
26	2010060123	2252	26
27	2010021646A	4648	27
28	2010021655A	23442	28
29	2010021656A	8051	29
30	2010021667A	7139	30
31	2010021668A	5451	31
32	2010021675A	6789	32
33	2150193100	28106	33
34	2010060118	4399	34
35	2010060116	2656	35
36	2010060112	1351	36
37	2010060111	3962	37
38	2010060104	2339	38
40	2010060110	2239	40
41	2010060109	3908	41
42	2010021101WM	3277	42
1	2010010601	1
1	2010010601	1
1	2010010601	1
1	2010010601	1
1	2010021610A	1
