1	2010010601	15234	1
2	2010010601	15234	2
1	2010010601	21034	1
1	2010010601	21034	1
1	2010021601A	1300	1
1	2010021601A	254	1
1	2010021602A	374	1
1	2010021605A	64	1
2	2010021606A	71	2
3	2010021601A	96	3
1	2010021601A	103	1
2	2010021602A	107	2
1	2010021604A	26	1
2	2010021605A	170	2
3	2010021605A	180	3
1	2010021606A	112	1
1	2010021610A	127	1
2	2010021611A	130	2
1	2010021612A	14585	1
1	2010021613A	5572	1
1	2010021616A	1354	1
2	2010021618A	7995	2
1	2010021623A	6511	1
1	2010021626A	111	1
1	2010021628A	111	1
1	2010021632A	222	1
1	2010021601A	111	1
1	2010021602A	222	1
1	2010021613A	15	1
1	2010021606A	24	1
1	2010021613A	1233	1
1	2010021616A	6544	1
1	2010021618A	555	1
1	2010021623A	666	1
1	2010021624A	777	1
1	2010021626A	888	1
1	2010021613A	60	1
1	2010021627A	2529	1
1	2010021646A	11045	1
1	2010021656A	9380	1
